#Q = 16
RMSE_w = [14.5213,7.00718,8.14363,5.76309,7.27285]; 
RMSE_wU = [4.2047,4.19364,4.19551,4.18568,4.18244];
rvec = [2,7,11,16,20,]

#Q = 200
RMSE_w = [5.18221431238108,4.870766979215958,4.3610031522260995,4.544669452083809,4.481330236194429]; 
RMSE_wU = [4.191895412488415,4.177761071439414,4.195577658085173,4.2173666779155745,4.190037249937278];
rvec = [5,16,28,39,50]
