RMSE_n={0.26901255782651773,0.2800225982686524,0.26825264938720045,0.2665397902082835,0.2632606441977701}
timer_n={13617.466084856,13737.577635457,13619.279487957,13737.294288332,13659.260384186}
Q=100
r=10
nvec=[30,60,90,120,150]
